0 0 0 15 7 18 14 0 0 0 
0 0 18 0 0 0 0 0 18 0 
0 18 0 0 9 0 0 0 0 0 
15 0 0 0 19 0 0 11 0 12 
7 0 9 19 0 9 0 0 0 0 
18 0 0 0 9 0 11 11 6 12 
14 0 0 0 0 11 0 9 15 18 
0 0 0 11 0 11 9 0 12 16 
0 18 0 0 0 6 15 12 0 0 
0 0 0 12 0 12 18 16 0 0 
